기간	자치구	행정동	출생	출생	출생	사망	사망	사망
기간	자치구	행정동	계	남자	여자	계	남자	여자
2019	합계	합계	53,673	27,811	25,862	43,829	24,859	18,970
2019	종로구	소계	673	334	339	854	482	372
2019	종로구	사직동	41	20	21	59	28	31
2019	종로구	삼청동	10	5	5	15	10	5
2019	종로구	부암동	48	27	21	62	33	29
2019	종로구	평창동	80	43	37	102	41	61
2019	종로구	무악동	44	23	21	33	17	16
2019	종로구	교남동	109	50	59	52	31	21
2019	종로구	가회동	11	5	6	29	9	20
2019	종로구	종로1.2.3.4가동	18	10	8	77	58	19
2019	종로구	종로5·6가동	10	6	4	40	23	17
2019	종로구	이화동	31	11	20	44	26	18
2019	종로구	창신1동	16	10	6	30	21	9
2019	종로구	창신2동	20	10	10	45	36	9
2019	종로구	창신3동	57	29	28	37	23	14
2019	종로구	숭인1동	18	8	10	48	21	27
2019	종로구	숭인2동	32	20	12	52	32	20
2019	종로구	청운효자동	74	36	38	63	39	24
2019	종로구	혜화동	54	21	33	66	34	32
2019	종로구	미상	-	-	-	…	…	…
2019	중구	소계	783	426	357	665	408	257
2019	중구	소공동	17	12	5	10	9	1
2019	중구	회현동	26	14	12	38	30	8
2019	중구	명동	9	4	5	6	4	2
2019	중구	필동	15	8	7	22	16	6
2019	중구	장충동	12	10	2	24	12	12
2019	중구	광희동	18	10	8	37	23	14
2019	중구	을지로동	7	5	2	14	10	4
2019	중구	신당5동	71	42	29	47	37	10
2019	중구	황학동	107	52	55	59	37	22
2019	중구	중림동	122	57	65	67	40	27
2019	중구	신당동	39	19	20	31	14	17
2019	중구	다산동	80	44	36	77	48	29
2019	중구	약수동	106	54	52	100	57	43
2019	중구	청구동	93	55	38	94	49	45
2019	중구	동화동	61	40	21	39	22	17
2019	중구	미상	-	-	-	…	…	…
2019	용산구	소계	1,314	684	630	1,107	620	487
2019	용산구	후암동	98	47	51	94	53	41
2019	용산구	용산2가동	53	25	28	63	34	29
2019	용산구	남영동	16	7	9	94	78	16
2019	용산구	원효로2동	93	53	40	60	29	31
2019	용산구	효창동	80	42	38	46	22	24
2019	용산구	용문동	78	41	37	53	27	26
2019	용산구	이촌1동	186	106	80	115	57	58
2019	용산구	이촌2동	64	28	36	44	22	22
2019	용산구	이태원1동	27	12	15	36	13	23
2019	용산구	이태원2동	47	22	25	50	27	23
2019	용산구	서빙고동	44	24	20	73	36	37
2019	용산구	보광동	41	19	22	73	42	31
2019	용산구	청파동	79	37	42	80	50	30
2019	용산구	원효로1동	167	90	77	59	40	19
2019	용산구	한강로동	130	62	68	77	39	38
2019	용산구	한남동	111	69	42	90	51	39
2019	용산구	미상	-	-	-	…	…	…
2019	성동구	소계	2,191	1,120	1,071	1,369	786	583
2019	성동구	왕십리2동	128	71	57	69	35	34
2019	성동구	마장동	118	56	62	120	66	54
2019	성동구	사근동	48	26	22	38	22	16
2019	성동구	행당1동	99	46	53	70	41	29
2019	성동구	행당2동	182	95	87	91	56	35
2019	성동구	응봉동	89	49	40	72	36	36
2019	성동구	금호1가동	158	83	75	73	40	33
2019	성동구	금호4가동	175	80	95	57	34	23
2019	성동구	성수1가1동	131	68	63	79	46	33
2019	성동구	성수1가2동	99	58	41	52	32	20
2019	성동구	성수2가1동	90	44	46	107	64	43
2019	성동구	성수2가3동	66	37	29	53	40	13
2019	성동구	송정동	51	25	26	49	33	16
2019	성동구	용답동	36	22	14	83	51	32
2019	성동구	왕십리도선동	225	111	114	124	68	56
2019	성동구	금호2.3가동	224	107	117	123	73	50
2019	성동구	옥수동	272	142	130	109	49	60
2019	성동구	미상	-	-	-	…	…	…
2019	광진구	소계	1,957	1,022	935	1,385	770	615
2019	광진구	화양동	59	33	26	57	30	27
2019	광진구	군자동	92	48	44	71	45	26
2019	광진구	중곡1동	97	50	47	72	42	30
2019	광진구	중곡2동	145	66	79	84	47	37
2019	광진구	중곡3동	89	40	49	94	56	38
2019	광진구	중곡4동	185	98	87	129	58	71
2019	광진구	능동	85	45	40	48	31	17
2019	광진구	구의1동	130	70	60	82	49	33
2019	광진구	구의2동	141	65	76	128	61	67
2019	광진구	구의3동	204	107	97	104	46	58
2019	광진구	광장동	142	81	61	104	61	43
2019	광진구	자양1동	142	72	70	114	77	37
2019	광진구	자양2동	164	96	68	102	62	40
2019	광진구	자양3동	208	112	96	93	52	41
2019	광진구	자양4동	74	39	35	103	53	50
2019	광진구	미상	-	-	-	…	…	…
2019	동대문구	소계	1,884	943	941	1,851	1,085	766
2019	동대문구	회기동	37	18	19	43	26	17
2019	동대문구	휘경1동	62	32	30	68	39	29
2019	동대문구	휘경2동	83	40	43	102	54	48
2019	동대문구	청량리동	74	38	36	186	113	73
2019	동대문구	용신동	153	80	73	171	107	64
2019	동대문구	제기동	88	47	41	177	113	64
2019	동대문구	전농1동	190	106	84	182	114	68
2019	동대문구	전농2동	84	42	42	99	56	43
2019	동대문구	답십리1동	300	149	151	113	71	42
2019	동대문구	답십리2동	182	93	89	146	80	66
2019	동대문구	장안1동	250	109	141	186	109	77
2019	동대문구	장안2동	239	125	114	148	75	73
2019	동대문구	이문1동	40	16	24	118	67	51
2019	동대문구	이문2동	102	48	54	112	61	51
2019	동대문구	미상	-	-	-	…	…	…
2019	중랑구	소계	2,244	1,176	1,068	2,049	1,236	813
2019	중랑구	면목2동	134	62	72	115	80	35
2019	중랑구	면목4동	105	63	42	99	60	39
2019	중랑구	면목5동	61	29	32	53	36	17
2019	중랑구	면목7동	105	60	45	104	56	48
2019	중랑구	상봉1동	174	83	91	113	56	57
2019	중랑구	상봉2동	121	61	60	87	47	40
2019	중랑구	중화1동	146	81	65	91	57	34
2019	중랑구	중화2동	133	65	68	162	101	61
2019	중랑구	묵1동	207	99	108	154	95	59
2019	중랑구	묵2동	137	70	67	99	65	34
2019	중랑구	망우3동	80	51	29	102	70	32
2019	중랑구	신내1동	216	125	91	236	125	111
2019	중랑구	신내2동	131	69	62	117	76	41
2019	중랑구	면목본동	201	111	90	191	116	75
2019	중랑구	면목3.8동	150	74	76	148	86	62
2019	중랑구	망우본동	143	73	70	178	110	68
2019	중랑구	미상	-	-	-	…	…	…
2019	성북구	소계	2,147	1,098	1,049	2,184	1,232	952
2019	성북구	돈암1동	75	35	40	74	37	37
2019	성북구	돈암2동	138	69	69	115	60	55
2019	성북구	안암동	58	33	25	56	29	27
2019	성북구	보문동	98	47	51	87	43	44
2019	성북구	정릉1동	115	55	60	98	59	39
2019	성북구	정릉2동	107	54	53	124	68	56
2019	성북구	정릉3동	89	37	52	115	70	45
2019	성북구	정릉4동	155	85	70	141	73	68
2019	성북구	길음1동	201	103	98	130	67	63
2019	성북구	길음2동	105	51	54	75	48	27
2019	성북구	월곡1동	147	83	64	117	78	39
2019	성북구	월곡2동	101	58	43	108	56	52
2019	성북구	장위1동	81	48	33	109	57	52
2019	성북구	장위2동	34	16	18	95	59	36
2019	성북구	장위3동	76	35	41	71	48	23
2019	성북구	성북동	73	38	35	97	55	42
2019	성북구	삼선동	99	60	39	123	63	60
2019	성북구	동선동	47	26	21	55	30	25
2019	성북구	종암동	187	84	103	192	111	81
2019	성북구	석관동	161	81	80	202	121	81
2019	성북구	미상	-	-	-	…	…	…
2019	강북구	소계	1,227	637	590	1,874	1,089	785
2019	강북구	번1동	72	40	32	128	72	56
2019	강북구	번2동	69	41	28	112	63	49
2019	강북구	번3동	66	32	34	159	96	63
2019	강북구	수유1동	95	49	46	126	84	42
2019	강북구	수유2동	87	47	40	126	70	56
2019	강북구	수유3동	94	46	48	134	85	49
2019	강북구	삼양동	104	49	55	134	69	65
2019	강북구	미아동	73	35	38	138	87	51
2019	강북구	송중동	95	55	40	160	90	70
2019	강북구	송천동	86	42	44	178	105	73
2019	강북구	삼각산동	169	85	84	135	68	67
2019	강북구	우이동	77	55	22	132	76	56
2019	강북구	인수동	140	61	79	212	124	88
2019	강북구	미상	-	-	-	…	…	…
2019	도봉구	소계	1,483	786	697	1,836	1,002	834
2019	도봉구	쌍문1동	85	47	38	124	69	55
2019	도봉구	쌍문2동	101	50	51	109	61	48
2019	도봉구	쌍문3동	87	51	36	114	68	46
2019	도봉구	쌍문4동	75	40	35	88	54	34
2019	도봉구	방학1동	104	49	55	158	78	80
2019	도봉구	방학2동	67	35	32	147	78	69
2019	도봉구	방학3동	122	64	58	140	74	66
2019	도봉구	창1동	139	75	64	156	81	75
2019	도봉구	창2동	174	83	91	157	90	67
2019	도봉구	창3동	49	28	21	79	44	35
2019	도봉구	창4동	134	73	61	129	61	68
2019	도봉구	창5동	138	77	61	103	52	51
2019	도봉구	도봉1동	72	37	35	162	94	68
2019	도봉구	도봉2동	136	77	59	170	98	72
2019	도봉구	미상	-	-	-	…	…	…
2019	노원구	소계	2,604	1,349	1,255	2,668	1,467	1,201
2019	노원구	월계1동	102	55	47	129	79	50
2019	노원구	월계2동	102	57	45	191	101	90
2019	노원구	월계3동	225	120	105	137	74	63
2019	노원구	공릉2동	211	124	87	133	78	55
2019	노원구	하계1동	108	48	60	167	79	88
2019	노원구	하계2동	98	52	46	89	53	36
2019	노원구	중계본동	58	29	29	106	57	49
2019	노원구	중계1동	40	25	15	71	28	43
2019	노원구	중계4동	56	26	30	129	73	56
2019	노원구	상계1동	221	115	106	225	121	104
2019	노원구	상계2동	58	27	31	113	57	56
2019	노원구	상계5동	77	39	38	143	70	73
2019	노원구	상계8동	351	178	173	79	41	38
2019	노원구	상계9동	131	60	71	89	60	29
2019	노원구	상계10동	120	59	61	65	38	27
2019	노원구	상계3.4동	87	39	48	219	124	95
2019	노원구	상계6.7동	207	115	92	142	78	64
2019	노원구	중계2.3동	167	79	88	258	146	112
2019	노원구	공릉1동	185	102	83	183	110	73
2019	노원구	미상	-	-	-	…	…	…
2019	은평구	소계	2,407	1,253	1,154	2,315	1,296	1,019
2019	은평구	녹번동	263	146	117	201	103	98
2019	은평구	불광1동	229	117	112	205	111	94
2019	은평구	갈현1동	94	48	46	133	78	55
2019	은평구	갈현2동	140	63	77	138	75	63
2019	은평구	구산동	147	72	75	187	129	58
2019	은평구	대조동	155	84	71	154	94	60
2019	은평구	응암1동	129	71	58	135	76	59
2019	은평구	응암2동	176	94	82	67	34	33
2019	은평구	신사1동	151	78	73	115	60	55
2019	은평구	신사2동	103	49	54	91	46	45
2019	은평구	증산동	67	32	35	77	37	40
2019	은평구	수색동	45	21	24	57	35	22
2019	은평구	진관동	244	127	117	213	108	105
2019	은평구	불광2동	119	71	48	164	93	71
2019	은평구	응암3동	99	57	42	154	85	69
2019	은평구	역촌동	246	123	123	224	132	92
2019	은평구	미상	-	-	-	…	…	…
2019	서대문구	소계	1,521	770	751	1,555	883	672
2019	서대문구	천연동	111	60	51	99	55	44
2019	서대문구	홍제1동	154	74	80	117	59	58
2019	서대문구	홍제3동	80	47	33	85	50	35
2019	서대문구	홍제2동	68	34	34	88	45	43
2019	서대문구	홍은1동	110	55	55	146	89	57
2019	서대문구	홍은2동	108	55	53	142	84	58
2019	서대문구	남가좌1동	114	63	51	50	26	24
2019	서대문구	남가좌2동	152	74	78	143	88	55
2019	서대문구	북가좌1동	103	51	52	96	59	37
2019	서대문구	북가좌2동	138	63	75	156	89	67
2019	서대문구	충현동	58	28	30	92	49	43
2019	서대문구	북아현동	126	68	58	77	45	32
2019	서대문구	신촌동	72	36	36	70	37	33
2019	서대문구	연희동	127	62	65	194	108	86
2019	서대문구	미상	-	-	-	…	…	…
2019	마포구	소계	2,334	1,200	1,134	1,563	907	656
2019	마포구	용강동	150	75	75	92	53	39
2019	마포구	대흥동	36	21	15	63	41	22
2019	마포구	염리동	80	43	37	50	29	21
2019	마포구	신수동	155	90	65	97	53	44
2019	마포구	서교동	117	54	63	85	56	29
2019	마포구	합정동	121	54	67	78	46	32
2019	마포구	망원1동	126	64	62	103	65	38
2019	마포구	망원2동	96	49	47	88	56	32
2019	마포구	연남동	92	48	44	60	37	23
2019	마포구	성산1동	100	59	41	71	37	34
2019	마포구	성산2동	269	141	128	179	95	84
2019	마포구	상암동	128	62	66	130	84	46
2019	마포구	도화동	168	91	77	103	59	44
2019	마포구	서강동	138	66	72	89	40	49
2019	마포구	공덕동	211	110	101	174	101	73
2019	마포구	아현동	347	173	174	101	55	46
2019	마포구	미상	-	-	-	…	…	…
2019	양천구	소계	2,222	1,203	1,019	1,900	1,027	873
2019	양천구	목1동	130	76	54	75	33	42
2019	양천구	목2동	206	109	97	112	62	50
2019	양천구	목3동	199	108	91	98	50	48
2019	양천구	목4동	98	56	42	101	50	51
2019	양천구	신월1동	99	45	54	140	65	75
2019	양천구	신월2동	128	64	64	111	66	45
2019	양천구	신월3동	96	48	48	119	85	34
2019	양천구	신월4동	115	64	51	96	63	33
2019	양천구	신월5동	81	43	38	68	40	28
2019	양천구	신월6동	26	17	9	20	10	10
2019	양천구	신월7동	106	52	54	129	64	65
2019	양천구	신정1동	82	46	36	77	30	47
2019	양천구	신정2동	48	29	19	80	43	37
2019	양천구	신정3동	261	137	124	179	115	64
2019	양천구	신정6동	117	70	47	57	28	29
2019	양천구	신정7동	122	63	59	165	79	86
2019	양천구	목5동	115	69	46	112	48	64
2019	양천구	신정4동	193	107	86	161	96	65
2019	양천구	미상	-	-	-	…	…	…
2019	강서구	소계	3,841	1,995	1,846	2,691	1,505	1,186
2019	강서구	염창동	331	178	153	116	58	58
2019	강서구	등촌1동	186	94	92	93	49	44
2019	강서구	등촌2동	170	95	75	92	58	34
2019	강서구	등촌3동	201	92	109	263	146	117
2019	강서구	화곡본동	224	117	107	153	72	81
2019	강서구	화곡2동	112	60	52	80	55	25
2019	강서구	화곡3동	129	62	67	107	61	46
2019	강서구	화곡4동	101	50	51	105	71	34
2019	강서구	화곡6동	134	63	71	102	69	33
2019	강서구	화곡8동	177	94	83	108	61	47
2019	강서구	가양1동	206	121	85	74	41	33
2019	강서구	가양2동	77	42	35	151	85	66
2019	강서구	가양3동	141	86	55	120	62	58
2019	강서구	발산1동	196	101	95	129	61	68
2019	강서구	공항동	237	127	110	116	64	52
2019	강서구	방화1동	257	125	132	183	102	81
2019	강서구	방화2동	114	66	48	170	111	59
2019	강서구	방화3동	157	80	77	143	72	71
2019	강서구	화곡1동	447	218	229	222	123	99
2019	강서구	우장산동	244	124	120	164	84	80
2019	강서구	미상	-	-	-	…	…	…
2019	구로구	소계	2,460	1,270	1,190	1,811	1,082	729
2019	구로구	신도림동	306	158	148	92	45	47
2019	구로구	구로1동	201	100	101	59	31	28
2019	구로구	구로3동	116	67	49	76	45	31
2019	구로구	구로4동	114	56	58	125	84	41
2019	구로구	구로5동	219	114	105	120	67	53
2019	구로구	고척1동	93	57	36	106	62	44
2019	구로구	고척2동	124	59	65	124	81	43
2019	구로구	개봉2동	213	118	95	156	86	70
2019	구로구	개봉3동	115	60	55	113	69	44
2019	구로구	오류1동	175	96	79	102	55	47
2019	구로구	오류2동	323	152	171	200	110	90
2019	구로구	수궁동	141	76	65	106	63	43
2019	구로구	가리봉동	30	13	17	82	58	24
2019	구로구	구로2동	96	53	43	160	104	56
2019	구로구	개봉1동	194	91	103	190	122	68
2019	구로구	미상	-	-	-	…	…	…
2019	금천구	소계	1,154	622	532	1,199	703	496
2019	금천구	가산동	116	62	54	87	48	39
2019	금천구	독산1동	321	164	157	190	117	73
2019	금천구	독산2동	62	39	23	115	72	43
2019	금천구	독산3동	101	52	49	126	83	43
2019	금천구	독산4동	58	35	23	78	52	26
2019	금천구	시흥1동	178	100	78	188	109	79
2019	금천구	시흥2동	86	45	41	123	59	64
2019	금천구	시흥3동	58	30	28	76	43	33
2019	금천구	시흥4동	89	48	41	120	66	54
2019	금천구	시흥5동	85	47	38	96	54	42
2019	금천구	미상	-	-	-	…	…	…
2019	영등포구	소계	2,633	1,338	1,295	1,708	1,012	696
2019	영등포구	여의동	209	104	105	123	63	60
2019	영등포구	당산1동	178	93	85	82	48	34
2019	영등포구	당산2동	295	144	151	110	60	50
2019	영등포구	양평1동	216	120	96	95	60	35
2019	영등포구	양평2동	238	119	119	86	54	32
2019	영등포구	신길1동	85	43	42	130	74	56
2019	영등포구	신길3동	98	51	47	80	46	34
2019	영등포구	신길4동	31	16	15	52	28	24
2019	영등포구	신길5동	28	18	10	50	29	21
2019	영등포구	신길6동	97	51	46	76	46	30
2019	영등포구	신길7동	138	67	71	47	23	24
2019	영등포구	대림1동	54	34	20	97	65	32
2019	영등포구	대림2동	57	34	23	57	30	27
2019	영등포구	대림3동	147	65	82	115	69	46
2019	영등포구	영등포본동	139	66	73	128	70	58
2019	영등포구	영등포동	204	97	107	163	115	48
2019	영등포구	도림동	133	75	58	89	53	36
2019	영등포구	문래동	286	141	145	128	79	49
2019	영등포구	미상	-	-	-	…	…	…
2019	동작구	소계	2,227	1,174	1,053	1,703	993	710
2019	동작구	노량진2동	35	20	15	78	48	30
2019	동작구	상도1동	232	125	107	176	102	74
2019	동작구	상도2동	207	116	91	103	67	36
2019	동작구	상도3동	134	74	60	135	85	50
2019	동작구	상도4동	198	101	97	120	64	56
2019	동작구	사당1동	109	54	55	85	52	33
2019	동작구	사당3동	165	81	84	119	66	53
2019	동작구	사당4동	86	43	43	64	40	24
2019	동작구	사당5동	85	40	45	56	34	22
2019	동작구	대방동	196	115	81	139	81	58
2019	동작구	신대방1동	99	46	53	95	50	45
2019	동작구	신대방2동	105	61	44	83	42	41
2019	동작구	흑석동	167	91	76	168	96	72
2019	동작구	노량진1동	198	91	107	164	96	68
2019	동작구	사당2동	211	116	95	118	70	48
2019	동작구	미상	-	-	-	…	…	…
2019	관악구	소계	2,245	1,155	1,090	2,107	1,264	843
2019	관악구	보라매동	145	70	75	113	57	56
2019	관악구	청림동	159	83	76	64	34	30
2019	관악구	행운동	138	70	68	127	80	47
2019	관악구	낙성대동	56	27	29	54	26	28
2019	관악구	중앙동	55	32	23	66	38	28
2019	관악구	인헌동	125	67	58	89	55	34
2019	관악구	남현동	126	63	63	58	33	25
2019	관악구	서원동	88	48	40	94	61	33
2019	관악구	신원동	89	48	41	85	54	31
2019	관악구	서림동	86	40	46	85	46	39
2019	관악구	신사동	100	52	48	94	51	43
2019	관악구	신림동	79	40	39	79	52	27
2019	관악구	난향동	64	33	31	69	30	39
2019	관악구	조원동	71	27	44	70	39	31
2019	관악구	대학동	98	55	43	73	45	28
2019	관악구	은천동	196	103	93	134	78	56
2019	관악구	성현동	162	90	72	151	96	55
2019	관악구	청룡동	95	48	47	112	72	40
2019	관악구	난곡동	118	58	60	197	133	64
2019	관악구	삼성동	56	27	29	156	100	56
2019	관악구	미성동	139	74	65	137	84	53
2019	관악구	미상	-	-	-	…	…	…
2019	서초구	소계	2,512	1,337	1,175	1,421	780	641
2019	서초구	서초1동	138	70	68	64	37	27
2019	서초구	서초2동	136	78	58	41	21	20
2019	서초구	서초3동	162	88	74	97	51	46
2019	서초구	서초4동	153	77	76	80	40	40
2019	서초구	잠원동	219	121	98	128	64	64
2019	서초구	반포본동	42	18	24	41	26	15
2019	서초구	반포1동	183	91	92	76	37	39
2019	서초구	반포2동	66	35	31	37	18	19
2019	서초구	반포3동	128	64	64	63	34	29
2019	서초구	반포4동	131	60	71	67	35	32
2019	서초구	방배본동	86	54	32	89	46	43
2019	서초구	방배1동	140	76	64	60	33	27
2019	서초구	방배2동	121	64	57	79	47	32
2019	서초구	방배3동	113	64	49	85	48	37
2019	서초구	방배4동	112	65	47	81	43	38
2019	서초구	양재1동	289	159	130	172	97	75
2019	서초구	양재2동	154	89	65	76	50	26
2019	서초구	내곡동	139	64	75	85	53	32
2019	서초구	미상	-	-	-	…	…	…
2019	강남구	소계	2,749	1,432	1,317	1,838	936	902
2019	강남구	신사동	70	35	35	62	37	25
2019	강남구	논현1동	91	52	39	92	49	43
2019	강남구	논현2동	122	71	51	78	41	37
2019	강남구	삼성1동	95	50	45	46	23	23
2019	강남구	삼성2동	181	102	79	76	36	40
2019	강남구	대치1동	57	33	24	60	30	30
2019	강남구	대치4동	61	26	35	50	22	28
2019	강남구	역삼1동	158	81	77	104	64	40
2019	강남구	역삼2동	221	106	115	93	41	52
2019	강남구	도곡1동	133	65	68	83	44	39
2019	강남구	도곡2동	169	93	76	79	39	40
2019	강남구	개포1동	20	11	9	24	14	10
2019	강남구	개포4동	100	54	46	55	26	29
2019	강남구	일원본동	151	86	65	79	38	41
2019	강남구	일원1동	58	30	28	108	48	60
2019	강남구	일원2동	127	63	64	83	38	45
2019	강남구	수서동	140	81	59	146	76	70
2019	강남구	세곡동	281	138	143	200	107	93
2019	강남구	압구정동	139	64	75	90	50	40
2019	강남구	청담동	192	104	88	94	50	44
2019	강남구	대치2동	92	47	45	82	37	45
2019	강남구	개포2동	91	40	51	54	26	28
2019	강남구	미상	-	-	-	…	…	…
2019	송파구	소계	4,424	2,277	2,147	2,278	1,217	1,061
2019	송파구	풍납1동	85	38	47	70	45	25
2019	송파구	풍납2동	181	93	88	97	53	44
2019	송파구	거여1동	59	26	33	80	48	32
2019	송파구	거여2동	100	47	53	70	42	28
2019	송파구	마천1동	75	43	32	122	69	53
2019	송파구	마천2동	90	48	42	126	70	56
2019	송파구	방이1동	77	44	33	61	31	30
2019	송파구	방이2동	174	91	83	83	41	42
2019	송파구	오륜동	44	28	16	38	20	18
2019	송파구	오금동	281	134	147	162	89	73
2019	송파구	송파1동	179	86	93	94	50	44
2019	송파구	송파2동	118	57	61	79	37	42
2019	송파구	석촌동	254	145	109	108	72	36
2019	송파구	삼전동	207	102	105	98	47	51
2019	송파구	가락본동	215	108	107	92	54	38
2019	송파구	가락1동	237	122	115	53	26	27
2019	송파구	가락2동	184	94	90	109	55	54
2019	송파구	문정1동	169	89	80	64	25	39
2019	송파구	문정2동	234	121	113	86	53	33
2019	송파구	장지동	267	135	132	129	65	64
2019	송파구	위례동	315	160	155	59	24	35
2019	송파구	잠실본동	178	100	78	88	50	38
2019	송파구	잠실4동	182	105	77	60	23	37
2019	송파구	잠실6동	114	53	61	47	22	25
2019	송파구	잠실7동	46	26	20	38	22	16
2019	송파구	잠실2동	162	88	74	63	31	32
2019	송파구	잠실3동	197	94	103	102	53	49
2019	송파구	미상	-	-	-	…	…	…
2019	강동구	소계	2,437	1,210	1,227	1,898	1,077	821
2019	강동구	강일동	108	44	64	140	78	62
2019	강동구	상일동	41	14	27	40	14	26
2019	강동구	명일1동	148	68	80	94	51	43
2019	강동구	명일2동	43	20	23	64	32	32
2019	강동구	고덕1동	194	97	97	79	33	46
2019	강동구	고덕2동	48	18	30	58	36	22
2019	강동구	암사2동	130	72	58	66	33	33
2019	강동구	암사3동	125	70	55	64	44	20
2019	강동구	천호1동	143	69	74	168	100	68
2019	강동구	천호3동	187	95	92	153	86	67
2019	강동구	성내1동	149	80	69	75	38	37
2019	강동구	성내2동	145	72	73	123	76	47
2019	강동구	성내3동	157	69	88	96	52	44
2019	강동구	둔촌1동	2	1	1	1	1	…
2019	강동구	둔촌2동	141	73	68	128	74	54
2019	강동구	암사1동	216	103	113	174	100	74
2019	강동구	천호2동	232	118	114	170	107	63
2019	강동구	길동	228	127	101	205	122	83
2019	강동구	미상	-	-	-	…	…	…